[9278,
 7343,
 3392,
 9892,
 1869,
 9422,
 2106,
 3367,
 4995,
 3206,
 2993,
 8488,
 4647,
 5349,
 5106,
 2114,
 1480,
 1466,
 3176,
 2149,
 4884,
 6752,
 1729,
 9535,
 2987,
 5610,
 6223,
 5913,
 8822,
 8485,
 2758,
 5629,
 2555,
 660,
 8227,
 481,
 8203,
 5340,
 8732,
 6373,
 7379,
 7477,
 5609,
 7048,
 52,
 1363,
 7702,
 6183,
 5270,
 6896,
 6449,
 7043,
 695,
 2409,
 1070,
 1605,
 4221,
 7331,
 3098,
 9720,
 4583,
 1457,
 5578,
 603,
 5517,
 7590,
 2712,
 8288,
 9056,
 510,
 9300,
 945,
 6052,
 7918,
 1071,
 5661,
 2234,
 2143,
 2690,
 5230,
 14,
 831,
 7292,
 3643,
 2567,
 4282,
 4044,
 4610,
 4948,
 1128,
 7455,
 3108,
 6213,
 9045,
 9836,
 8886,
 4405,
 5112,
 246,
 9308,
 2528,
 2919,
 3452,
 475,
 8701,
 5569,
 6717,
 3417,
 1683,
 9945,
 9771,
 643,
 8328,
 2319,
 69,
 2986,
 8105,
 6432,
 8836,
 7211,
 7377,
 6642,
 1381,
 6594,
 1311,
 6744,
 9943,
 2415,
 6242,
 2743,
 2650,
 6024,
 331,
 6719,
 329,
 3286,
 5773,
 1322,
 8640,
 8368,
 1101,
 351,
 2358,
 2287,
 9858,
 2909,
 7197,
 314,
 1752,
 4898,
 4467,
 5099,
 5711,
 6413,
 1784,
 5406,
 7780,
 3174,
 9365,
 4619,
 9816,
 8994,
 8029,
 8212,
 8374,
 9259,
 8679,
 5485,
 7356,
 3094,
 9080,
 3013,
 1812,
 931,
 3792,
 8789,
 6042,
 3644,
 2018,
 3554,
 5423,
 6766,
 2038,
 7229,
 453,
 2021,
 4490,
 7887,
 7254,
 4702,
 295,
 5718,
 4896,
 3230,
 3639,
 2052,
 984,
 8280,
 8554,
 5563,
 1600,
 728,
 216,
 4298,
 9831,
 6828,
 3933,
 2318,
 3391,
 3204,
 5616,
 8771,
 9116,
 9498,
 4445,
 5279,
 7316,
 4925,
 3375,
 2542,
 5220,
 5724,
 2604,
 4914,
 1638,
 283,
 1076,
 2445,
 1616,
 4725,
 3046,
 1587,
 608,
 2164,
 4443,
 6011,
 8185,
 925,
 7106,
 4004,
 6840,
 994,
 3870,
 3927,
 6250,
 9466,
 1553,
 2224,
 2710,
 7451,
 688,
 3952,
 4593,
 7572,
 2706,
 1740,
 3686,
 2593,
 7286,
 9380,
 6402,
 5544,
 1173,
 4537,
 1474,
 1198,
 610,
 6118,
 2735,
 2739,
 8668,
 9010,
 4630,
 6439,
 8845,
 2254,
 1401,
 1682,
 8066,
 3081,
 9830,
 6891,
 4081,
 7044,
 7896,
 8053,
 8906,
 8665,
 1362,
 1102,
 4304,
 8857,
 9248,
 8740,
 2904,
 4369,
 7469,
 3696,
 6068,
 1435,
 2634,
 1998,
 6036,
 9487,
 2112,
 9125,
 4816,
 9474,
 9525,
 1256,
 9143,
 4605,
 8840,
 7008,
 1395,
 8529,
 6033,
 4915,
 4254,
 1939,
 3613,
 5051,
 7460,
 8583,
 7193,
 5923,
 6464,
 2570,
 6515,
 3678,
 5926,
 2364,
 6401,
 6268,
 1738,
 763,
 6943,
 6901,
 4701,
 2736,
 3876,
 2713,
 9597,
 1030,
 5372,
 517,
 1868,
 4763,
 6053,
 5662,
 3866,
 3585,
 5000,
 9817,
 4810,
 1504,
 6212,
 9746,
 7177,
 7968,
 5422,
 7010,
 8569,
 6343,
 3338,
 3812,
 2699,
 4041,
 4312,
 367,
 6182,
 9357,
 4800,
 9920,
 3390,
 8025,
 419,
 8027,
 276,
 4901,
 6769,
 6043,
 4698,
 9925,
 2380,
 4165,
 5727,
 1491,
 5974,
 8233,
 1371,
 3333,
 1707,
 6483,
 5835,
 6089,
 9711,
 7798,
 3511,
 3801,
 7735,
 3980,
 169,
 793,
 7945,
 7732,
 7169,
 3208,
 6418,
 220,
 2717,
 7848,
 10007,
 10012,
 396,
 2744,
 5484,
 2683,
 5224,
 6880,
 8490,
 4163,
 3382,
 2578,
 9471,
 698,
 8868,
 9655,
 1785,
 7482,
 4121,
 5133,
 2220,
 7266,
 1710,
 1200,
 2897,
 1234,
 1354,
 58,
 6377,
 4201,
 4707,
 4410,
 9490,
 5144,
 8183,
 6363,
 8926,
 6159,
 2921,
 557,
 178,
 8259,
 8874,
 1151,
 140,
 7359,
 7999,
 1406,
 652,
 379,
 5409,
 195,
 3111,
 899,
 1608,
 1022,
 4217,
 1054,
 2765,
 5656,
 7055,
 971,
 6919,
 1264,
 824,
 7832,
 1339,
 7367,
 1324,
 1806,
 7246,
 2742,
 4822,
 8397,
 1544,
 6941,
 9596,
 4697,
 6541,
 59,
 5358,
 9884,
 2505,
 8913,
 5880,
 4751,
 1472,
 725,
 5348,
 4213,
 7088,
 3109,
 7991,
 5212,
 1487,
 2906,
 445,
 2954,
 6355,
 3266,
 7244,
 8453,
 2547,
 3824,
 9042,
 7551,
 7462,
 6467,
 6300,
 8764,
 9804,
 4772,
 6397,
 4743,
 8367,
 7874,
 8841,
 6655,
 9408,
 2007,
 9631,
 8927,
 2301,
 118,
 1497,
 7391,
 5896,
 5383,
 4696,
 7704,
 5508,
 2789,
 6677,
 7113,
 7914,
 8940,
 5164,
 7285,
 4466,
 767,
 240,
 1923,
 8911,
 2459,
 6187,
 1349,
 6178,
 592,
 1387,
 6049,
 9747,
 1083,
 3139,
 371,
 382,
 9046,
 4559,
 8528,
 2569,
 6788,
 1655,
 206,
 896,
 9894,
 8590,
 5226,
 8402,
 2113,
 7134,
 664,
 1926,
 5845,
 2631,
 8056,
 8579,
 9983,
 5271,
 9543,
 6302,
 4126,
 4882,
 5416,
 2943,
 894,
 1790,
 6288,
 724,
 5855,
 4230,
 292,
 4474,
 2026,
 8929,
 8977,
 4103,
 1886,
 2725,
 6872,
 3545,
 352,
 2294,
 3869,
 1196,
 4563,
 2062,
 5836,
 659,
 8499,
 3600,
 2816,
 9704,
 9323,
 6037,
 7556,
 7297,
 7830,
 2074,
 18,
 6254,
 9478,
 8538,
 934,
 2458,
 4055,
 7363,
 1885,
 6843,
 9196,
 2978,
 2550,
 4313,
 6750,
 3463,
 1891,
 4615,
 9812,
 6848,
 9967,
 3469,
 3924,
 9293,
 6900,
 781,
 5439,
 3415,
 1918,
 273,
 8818,
 7876,
 1693,
 4750,
 235,
 5225,
 9270,
 9343,
 176,
 5918,
 4597,
 4238,
 4944,
 4182,
 5137,
 4256,
 9590,
 7307,
 3829,
 9796,
 8928,
 5395,
 109,
 8395,
 9502,
 7773,
 1179,
 6274,
 1052,
 914,
 2942,
 6443,
 3095,
 7327,
 9382,
 5714,
 775,
 2818,
 4533,
 6772,
 8905,
 2181,
 3364,
 2849,
 6064,
 5302,
 5477,
 3401,
 7161,
 5907,
 8770,
 9879,
 7165,
 5148,
 1641,
 7180,
 3405,
 8046,
 1282,
 3316,
 4584,
 6932,
 1971,
 3313,
 6084,
 1742,
 483,
 9348,
 4573,
 2791,
 9579,
 2774,
 2983,
 6889,
 3940,
 764,
 3946,
 9888,
 1732,
 9724,
 9401,
 1287,
 2651,
 6991,
 4104,
 7308,
 166,
 8114,
 8263,
 3502,
 4806,
 3663,
 7853,
 4590,
 6284,
 3170,
 3810,
 5118,
 8323,
 3642,
 5329,
 1027,
 9737,
 5407,
 8334,
 8492,
 4824,
 7607,
 4622,
 8166,
 9301,
 5041,
 3025,
 6353,
 7409,
 5290,
 944,
 3591,
 8810,
 8065,
 1106,
 3964,
 4536,
 7942,
 3433,
 1892,
 779,
 5237,
 7710,
 996,
 6747,
 2194,
 9589,
 4134,
 7994,
 5183,
 7329,
 5854,
 8915,
 335,
 3329,
 8972,
 5427,
 8365,
 5031,
 942,
 236,
 3341,
 2386,
 3797,
 2586,
 9571,
 8581,
 3584,
 8305,
 1023,
 9994,
 6514,
 7837,
 3983,
 9448,
 8037,
 6703,
 40,
 7597,
 6751,
 886,
 8304,
 7465,
 5936,
 733,
 6155,
 4952,
 8756,
 784,
 7926,
 4753,
 7437,
 112,
 7124,
 5637,
 9553,
 9620,
 1681,
 6666,
 2941,
 9757,
 5799,
 2229,
 7319,
 2517,
 708,
 3660,
 6444,
 1944,
 4266,
 8909,
 29,
 4689,
 1136,
 3687,
 6077,
 8806,
 8383,
 6793,
 3314,
 8501,
 4386,
 6926,
 7577,
 2418,
 1438,
 1205,
 4811,
 8862,
 1005,
 3254,
 6670,
 5756,
 5195,
 4861,
 1369,
 7380,
 3090,
 1570,
 5342,
 5470,
 3023,
 291,
 7202,
 438,
 2492,
 8959,
 7251,
 96,
 9206,
 7467,
 8290,
 9601,
 2740,
 4873,
 7534,
 6207,
 5249,
 590,
 2329,
 5539,
 7997,
 8624,
 6511,
 6879,
 1865,
 6867,
 7828,
 7627,
 9198,
 6374,
 7936,
 9980,
 5959,
 6224,
 8965,
 9102,
 8670,
 9992,
 8116,
 6585,
 8595,
 1342,
 8865,
 208,
 1810,
 5063,
 6216,
 3856,
 3471,
 1676,
 7992,
 6712,
 3574,
 9221,
 4841,
 203,
 7683,
 2707,
 4079,
 8482,
 7835,
 4371,
 6890,
 8664,
 1352,
 6285,
 6276,
 8400,
 9556,
 5631,
 2398,
 5897,
 6935,
 4228,
 3769,
 4669,
 3498,
 312,
 2064,
 3611,
 5110,
 9965,
 39,
 9316,
 6672,
 5766,
 9378,
 596,
 2448,
 5742,
 4502,
 2237,
 2945,
 7733,
 3910,
 1109,
 6121,
 8563,
 958,
 4508,
 3151,
 3457,
 4385,
 4016,
 8952,
 8518,
 8151,
 6181,
 9617,
 3724,
 2383,
 1576,
 8179,
 6616,
 ...]