[4652,
 2107,
 4942,
 2148,
 196,
 5790,
 2187,
 565,
 5731,
 2790,
 591,
 8540,
 7078,
 5383,
 4430,
 5054,
 4178,
 4601,
 760,
 1109,
 8441,
 1055,
 646,
 715,
 3860,
 705,
 6548,
 1866,
 9438,
 4744,
 4417,
 5240,
 6712,
 9249,
 9463,
 951,
 5525,
 7440,
 975,
 3248,
 1872,
 6271,
 9603,
 1457,
 4097,
 1698,
 9727,
 823,
 6941,
 7407,
 8558,
 9189,
 6296,
 4717,
 2337,
 8746,
 7093,
 5854,
 7679,
 6394,
 2930,
 4131,
 7435,
 6213,
 5196,
 3066,
 5662,
 5329,
 6089,
 5251,
 2928,
 7392,
 9478,
 8117,
 5517,
 6772,
 5488,
 8871,
 9979,
 8860,
 3093,
 5115,
 752,
 3405,
 2271,
 7819,
 6685,
 1960,
 5623,
 2916,
 3483,
 9542,
 7492,
 993,
 5915,
 5943,
 2089,
 9910,
 5005,
 6975,
 8147,
 8766,
 3873,
 1171,
 8440,
 5096,
 4456,
 9684,
 9183,
 1244,
 990,
 4496,
 7007,
 5678,
 8708,
 6225,
 6369,
 8326,
 1197,
 7083,
 233,
 6523,
 2137,
 367,
 9746,
 5657,
 4509,
 3504,
 2232,
 9678,
 7647,
 337,
 7896,
 4046,
 6077,
 6527,
 9636,
 2656,
 2759,
 9137,
 8338,
 1517,
 6141,
 3313,
 3280,
 4399,
 5231,
 3391,
 351,
 4691,
 788,
 1732,
 7772,
 2225,
 4551,
 7941,
 9457,
 1711,
 2347,
 3919,
 4239,
 4099,
 1189,
 2922,
 1543,
 3991,
 536,
 4323,
 2939,
 8642,
 3917,
 6019,
 9717,
 8065,
 2093,
 8875,
 32,
 8872,
 7123,
 8978,
 8832,
 6272,
 841,
 6902,
 3829,
 2730,
 4829,
 958,
 671,
 4308,
 7228,
 8969,
 5744,
 6747,
 1347,
 7994,
 4305,
 8098,
 542,
 5872,
 7965,
 1039,
 2501,
 9577,
 2671,
 762,
 7414,
 6355,
 2560,
 9081,
 8771,
 5219,
 2542,
 9323,
 9090,
 7023,
 5512,
 6276,
 1689,
 6284,
 7471,
 8041,
 8007,
 9274,
 9221,
 8024,
 316,
 9396,
 2326,
 9871,
 5190,
 1962,
 4989,
 10021,
 9065,
 8300,
 553,
 4221,
 4265,
 10013,
 8736,
 1767,
 5218,
 4129,
 1860,
 9361,
 836,
 6249,
 8819,
 3085,
 9698,
 5883,
 1082,
 5821,
 4743,
 5979,
 9564,
 4798,
 6542,
 9043,
 5148,
 6693,
 8072,
 8597,
 3805,
 6305,
 8462,
 9204,
 4716,
 874,
 8264,
 5026,
 8792,
 7707,
 5545,
 4105,
 1047,
 2297,
 2374,
 114,
 1927,
 4223,
 7219,
 1772,
 2005,
 3817,
 8105,
 943,
 1210,
 4817,
 6240,
 8594,
 6407,
 8046,
 1638,
 2854,
 4333,
 6278,
 6489,
 2747,
 653,
 744,
 3009,
 439,
 9277,
 4082,
 4774,
 4246,
 3166,
 7578,
 2945,
 6591,
 2948,
 9663,
 6563,
 9734,
 4985,
 6477,
 4620,
 428,
 8977,
 5802,
 6360,
 6204,
 1820,
 8781,
 9556,
 2630,
 2802,
 6537,
 1137,
 4391,
 972,
 4560,
 4968,
 4387,
 1769,
 8136,
 9891,
 5774,
 8782,
 6659,
 9492,
 1978,
 8890,
 3965,
 5363,
 4469,
 4133,
 4204,
 9530,
 5352,
 2748,
 579,
 8452,
 6165,
 283,
 8575,
 2998,
 7043,
 9988,
 3812,
 8108,
 5621,
 2896,
 920,
 2102,
 672,
 9599,
 429,
 689,
 7673,
 7986,
 3687,
 2984,
 8045,
 3868,
 9272,
 3080,
 3271,
 8664,
 6576,
 5238,
 4673,
 4684,
 6445,
 4049,
 8901,
 1241,
 3384,
 8442,
 5257,
 513,
 2869,
 6415,
 6515,
 4610,
 9100,
 9491,
 4871,
 1829,
 9989,
 2973,
 2257,
 2480,
 9117,
 4857,
 1640,
 1508,
 6891,
 5103,
 7822,
 4938,
 7031,
 4205,
 7033,
 8910,
 7047,
 9690,
 6046,
 4686,
 585,
 5933,
 6206,
 2649,
 3113,
 2230,
 4143,
 10000,
 4098,
 8018,
 2295,
 7753,
 6095,
 4433,
 3278,
 9076,
 2113,
 1342,
 5775,
 9780,
 868,
 2010,
 4795,
 5159,
 151,
 4939,
 4657,
 1862,
 8172,
 2989,
 4458,
 3188,
 8318,
 5327,
 8554,
 55,
 7781,
 5916,
 9563,
 2487,
 5722,
 5227,
 4289,
 8533,
 4358,
 2308,
 7062,
 4388,
 5048,
 3859,
 1443,
 9484,
 8640,
 3755,
 9023,
 9705,
 477,
 4094,
 3417,
 1752,
 4280,
 5691,
 645,
 4352,
 1903,
 3324,
 9360,
 9037,
 255,
 4437,
 7619,
 9281,
 3534,
 1016,
 6630,
 8003,
 5522,
 10014,
 2091,
 4408,
 8850,
 4569,
 6851,
 3970,
 7201,
 294,
 5093,
 8494,
 1292,
 727,
 3192,
 8345,
 8557,
 3774,
 6188,
 2451,
 2436,
 1516,
 7743,
 1525,
 7625,
 1453,
 2734,
 3949,
 2980,
 7295,
 4321,
 6555,
 8093,
 4663,
 2314,
 923,
 4910,
 6724,
 4096,
 3133,
 1968,
 1173,
 1017,
 7686,
 3283,
 2525,
 9908,
 4237,
 2591,
 4413,
 1331,
 5492,
 3778,
 1196,
 6702,
 1249,
 647,
 4648,
 7792,
 7635,
 9607,
 9762,
 6363,
 734,
 8263,
 9961,
 9197,
 6113,
 862,
 8930,
 3186,
 3071,
 2750,
 5745,
 3552,
 9515,
 7037,
 693,
 5,
 8731,
 9321,
 5100,
 5429,
 3501,
 9506,
 6873,
 7081,
 1010,
 1287,
 6787,
 2268,
 1496,
 9687,
 9315,
 5888,
 4823,
 6701,
 3674,
 6491,
 1642,
 4124,
 3492,
 3931,
 8457,
 6807,
 2815,
 2192,
 2665,
 1211,
 1232,
 1170,
 4752,
 503,
 9773,
 8879,
 1656,
 6815,
 6035,
 8455,
 6654,
 4904,
 3346,
 5122,
 9692,
 4775,
 3879,
 2737,
 9044,
 3326,
 650,
 6953,
 3811,
 6258,
 1304,
 1890,
 8411,
 7328,
 6121,
 1646,
 8257,
 1913,
 7865,
 3953,
 7240,
 6416,
 3402,
 4978,
 9503,
 1900,
 4685,
 8241,
 7178,
 965,
 6357,
 8512,
 4711,
 3362,
 7465,
 7415,
 9521,
 984,
 9566,
 8715,
 1952,
 813,
 9713,
 3723,
 5600,
 7424,
 7430,
 5296,
 106,
 2130,
 7910,
 4664,
 7018,
 2641,
 5464,
 6989,
 8220,
 8596,
 9336,
 7897,
 9243,
 5604,
 8353,
 6999,
 7701,
 5574,
 4447,
 7538,
 1833,
 592,
 3473,
 2303,
 9019,
 1610,
 4176,
 7087,
 2208,
 1312,
 6899,
 1800,
 7320,
 5302,
 5814,
 182,
 2899,
 8276,
 9825,
 8361,
 2217,
 7998,
 4536,
 9618,
 3175,
 9364,
 1049,
 3798,
 2259,
 6386,
 8859,
 4604,
 277,
 5256,
 9724,
 5308,
 8758,
 5560,
 2682,
 1917,
 3790,
 9784,
 5760,
 9440,
 7920,
 3565,
 6094,
 9239,
 3912,
 6676,
 2688,
 5767,
 4463,
 331,
 3088,
 3100,
 2943,
 5232,
 4066,
 6995,
 1658,
 423,
 6824,
 583,
 2275,
 9385,
 9937,
 2003,
 4677,
 8988,
 2862,
 9652,
 5237,
 9790,
 8260,
 6337,
 6275,
 4522,
 6200,
 9887,
 1683,
 2694,
 2593,
 7260,
 5264,
 539,
 4132,
 6023,
 5442,
 1901,
 5462,
 5972,
 5066,
 7548,
 6246,
 9840,
 7515,
 3776,
 9537,
 6783,
 1550,
 2769,
 7461,
 6365,
 7947,
 8389,
 7411,
 2725,
 4370,
 7136,
 4355,
 7076,
 6719,
 2023,
 6675,
 127,
 4918,
 7631,
 8076,
 7971,
 7378,
 3825,
 9666,
 1479,
 1999,
 4919,
 2897,
 4916,
 2243,
 9210,
 100,
 2571,
 8838,
 2791,
 5839,
 3421,
 903,
 2773,
 541,
 8968,
 1650,
 6717,
 3641,
 7342,
 4439,
 2876,
 9269,
 8737,
 6138,
 1933,
 6710,
 6230,
 6017,
 8500,
 6825,
 4661,
 2633,
 3003,
 9881,
 8311,
 1253,
 4674,
 5143,
 4822,
 4357,
 4078,
 4452,
 3329,
 9803,
 3950,
 8221,
 5497,
 2636,
 9479,
 2764,
 5997,
 1591,
 5596,
 2440,
 3151,
 4118,
 1221,
 2299,
 1027,
 9427,
 4832,
 4253,
 4334,
 7456,
 8178,
 6478,
 1559,
 7663,
 9800,
 2401,
 9875,
 7027,
 831,
 6792,
 4883,
 2714,
 6623,
 5860,
 6692,
 7737,
 8806,
 6759,
 2517,
 4044,
 2494,
 1024,
 347,
 2144,
 8458,
 7749,
 1759,
 1779,
 9307,
 8120,
 5696,
 6332,
 7478,
 4244,
 9960,
 4583,
 8695,
 8483,
 2541,
 3106,
 8481,
 7217,
 7455,
 9007,
 1750,
 4117,
 1112,
 3114,
 7695,
 8446,
 3656,
 8310,
 3215,
 6346,
 9109,
 6269,
 8608,
 3031,
 3318,
 463,
 1747,
 3466,
 2655,
 3159,
 8997,
 7370,
 332,
 3149,
 3460,
 2479,
 5937,
 4576,
 4999,
 7085,
 6102,
 1032,
 1428,
 6894,
 8565,
 2505,
 8761,
 8975,
 9759,
 6936,
 7291,
 5119,
 2807,
 2443,
 3572,
 5214,
 3916,
 6033,
 2419,
 5031,
 1431,
 4816,
 5886,
 6192,
 8762,
 9748,
 3103,
 2777,
 3110,
 7770,
 3262,
 378,
 4905,
 714,
 158,
 7927,
 1908,
 358,
 7144,
 1041,
 3082,
 5475,
 8190,
 2180,
 8881,
 5982,
 195,
 1415,
 1480,
 ...]